x: -0.310112, y: -9.88218, z: -0.318136
x: -0.00520076, y: -0.00515998, z: -0.00172852