x: -0.300132, y: -9.86211, z: -0.308192
x: -0.0017101, y: -0.00515998, z: 1.68128e-05